51252
03004
10311
13515
24221
32305
33314
43142
14333
50040
50051
00504
40304
30351
25310
10010
30333
22513
42502
23520
21533
01131
43533
24151
42002
44430
44535
52050
55500
34101
55213
02532
03025
33515
30351
50451
54332
34145
05223
01355
43512
35343
14434
24532
53414
02402
02314
51333
01154
32112
24401
14310
54213
30540
31232
22354
21015
11345
34433
45032
42403
52531
11314
45141
45340
42025
44045
55155
24532
55314
23552
25515
40550
53531
04041
40012
21514
41214
45034
32023
33204
04051
12154
20034
13140
35402
25534
04315
43024
04214
32251
10543
43141
20041
21341
42223
30215
01423
40245
02320
