04141
13540
05513
43401
01254
32003
44051
25120
13135
41003
13222
03220
35552
24535
41342
54543
32423
10432
55441
00214
05133
32113
22500
25242
20223
23052
04313
04332
44525
41010
31531
23004
01323
15111
03130
40053
04355
20530
04232
41113
13231
40520
22000
20552
44105
00130
32255
54235
01435
24142
24111
53251
14305
33144
43554
10044
21405
00233
00544
41510
31511
43210
51420
31105
53204
44520
20343
52521
44125
35413
32455
01334
01435
43323
45003
12553
24235
43401
23543
05520
30010
32152
51324
52340
14551
35352
55034
20505
53021
04112
03531
00531
20105
00455
42355
03201
33024
10450
04154
55150
