12034
03034
40212
11543
12000
42040
31052
35231
35031
02404
02423
32351
55224
30205
00322
33121
54452
05255
25443
54500
24100
23525
53525
34401
00432
22545
04001
23323
12503
33355
02304
51024
42022
20523
53522
11001
53533
35032
33022
35400
15550
00135
30111
41233
43402
01444
41130
52545
40440
50532
40533
02122
04512
25540
24002
02152
05322
22233
50020
30101
52032
02301
54200
52040
05321
20410
50553
52200
21513
23211
10312
55030
34031
34340
55021
50310
43335
15351
11410
24453
34452
45300
40212
02510
23533
20443
05314
54555
32342
44503
44105
22241
23025
00211
40140
54333
51410
32204
50125
42035
